success
xvel:  0.14568094364214615
yvel:  0.2566415959803987
zvel:  -0.005488804330640307

unsuccess
